-
TankID,Min capacity,Max capacity,Tank type
1.0,0.0,624.0,1.0
2.0,0.0,611.0,1.0
3.0,0.0,1220.0,1.0
4.0,0.0,1234.0,1.0
5.0,0.0,1242.0,1.0
6.0,0.0,1242.0,1.0
7.0,0.0,592.0,1.0
8.0,0.0,593.0,1.0
9.0,0.0,1187.0,1.0
10.0,0.0,1189.0,1.0
11.0,0.0,1273.0,1.0
12.0,0.0,1274.0,1.0
13.0,0.0,1273.0,1.0
14.0,0.0,1274.0,1.0
15.0,0.0,686.0,1.0
16.0,0.0,671.0,1.0
17.0,0.0,1181.0,1.0
18.0,0.0,1181.0,1.0
19.0,0.0,1268.0,1.0
20.0,0.0,1268.0,1.0
21.0,0.0,307.0,1.0
22.0,0.0,307.0,1.0
-
Terminal name,Terminal ID,Draft limit ,Waiting time [hr],Entering time 
ANCH,0.0,100000.0,0.0,0.0
A,1.0,18047.0,6.0,0.5
B,2.0,17461.0,4.0,1.0
C,3.0,17754.0,8.0,0.5
D,4.0,16289.0,13.0,2.0
-
Node,Associated terminal,Pickup or delivery,Required washing time [hr],Cargo load [tons],Loading time,Lower time window,Upper time window,Density,Cargo type
0.0,ANCH,0.0,0.0,0.0,0.0,0.0,1000.0,0.0,0.0
1.0,A,1.0,0.0,1289.43348650533,1.0,20.0,150.0,1110.0,1.0
2.0,A,-1.0,10.0,-1730.50489364616,2.0,20.0,150.0,890.0,1.0
3.0,A,1.0,0.0,2154.88880436183,1.0,50.0,150.0,1840.0,1.0
4.0,B,-1.0,5.0,-4611.95756144018,3.0,10.0,70.0,791.0,3.0
5.0,B,-1.0,5.0,-1892.05400432741,1.0,10.0,70.0,791.0,3.0
6.0,B,1.0,0.0,514.589072613203,0.5,50.0,100.0,867.0,1.0
7.0,C,-1.0,10.0,-569.813006378927,0.5,100.0,200.0,906.0,3.0
8.0,C,1.0,0.0,704.083236462418,2.0,100.0,200.0,1180.0,1.0
9.0,D,-1.0,5.0,-3998.08238212135,3.0,50.0,250.0,1070.0,1.0
10.0,D,-1.0,3.0,-1997.05715748506,4.0,50.0,250.0,924.0,1.0
11.0,D,1.0,0.0,5025.88073515033,2.0,60.0,190.0,877.0,3.0
12.0,D,1.0,0.0,5101.0192159606,1.0,40.0,200.0,2130.0,1.0
13.0,ANCH,0.0,0.0,0.0,0.0,0.0,1000.0,0.0,0.0
-
0.0,70.0,78.0,77.0,81.5
70.0,0.0,8.0,7.0,11.5
78.0,8.0,0.0,1.0,3.5
77.0,7.0,1.0,0.0,4.5
81.5,11.5,3.5,4.5,0.0
