-
TankID,Min capacity,Max capacity,Tank type
1.0,0.0,1300.0,1.0
2.0,0.0,900.0,1.0
3.0,0.0,1700.0,1.0
4.0,0.0,1600.0,2.0
5.0,0.0,2000.0,2.0
6.0,0.0,800.0,2.0
7.0,0.0,2700.0,2.0
-
Terminal name,Terminal ID,Draft limit ,Waiting time [hr],Entering time 
ANCH,0.0,100000.0,0.0,0.0
A,1.0,10000.0,6.0,0.5
B,2.0,9000.0,4.0,1.0
C,3.0,9500.0,8.0,0.5
-
Node,Associated terminal,Pickup or delivery,Required washing time [hr],Cargo load [tons],Loading time,Lower time window,Upper time window,Density,Cargo type
0.0,ANCH,,0.0,0.0,0.0,0.0,1000.0,0.0,0.0
1.0,A,1.0,0.0,1801.156,1.0,16.0,100.0,1110.0,1.0
2.0,A,1.0,0.0,3332.811,2.0,13.0,100.0,890.0,1.0
3.0,A,1.0,0.0,261.5553,1.0,20.0,80.0,1840.0,1.0
4.0,B,-1.0,5.0,-873.228,3.0,12.0,150.0,791.0,3.0
5.0,B,1.0,0.0,1481.088,1.0,15.0,80.0,791.0,3.0
6.0,B,-1.0,7.0,-3483.109,0.5,16.0,80.0,867.0,1.0
7.0,C,-1.0,10.0,-581.1097,0.5,16.0,120.0,906.0,3.0
8.0,C,-1.0,5.0,-3149.341,2.0,50.0,120.0,1180.0,1.0
9.0,ANCH,,0.0,0.0,0.0,0.0,1000.0,0.0,0.0
-
0.0,70.0,78.0,77.0
70.0,0.0,8.0,7.0
78.0,8.0,0.0,1.0
77.0,7.0,1.0,0.0
