-
TankID,Min capacity,Max capacity,Tank type
1.0,0.0,1300.0,1.0
2.0,0.0,900.0,1.0
3.0,0.0,1700.0,1.0
4.0,0.0,1600.0,2.0
5.0,0.0,2000.0,2.0
6.0,0.0,800.0,2.0
7.0,0.0,2700.0,2.0
-
Terminal name,Terminal ID,Draft limit ,Waiting time [hr],Entering time 
ANCH,0.0,100000.0,0.0,0.0
A,1.0,10000.0,6.0,0.5
B,2.0,9000.0,4.0,1.0
C,3.0,9500.0,8.0,0.5
-
-,-
0.0,70.0,78.0,77.0
70.0,0.0,8.0,7.0
78.0,8.0,0.0,1.0
77.0,7.0,1.0,0.0
-
Node,Associated terminal,Pickup or delivery,Required washing time [hr],Cargo load [tons],Loading time,Lower time window,Upper time window,Density,Cargo type
0.0,ANCH,0.0,0.0,0.0,0.0,0.0,1000.0,0.0,0.0
1.0,A,-1.0,8.0,-749.936881881977,1.0,16.0,100.0,1110.0,1.0
2.0,A,1.0,0.0,2916.68653614614,2.0,13.0,100.0,890.0,1.0
3.0,A,1.0,0.0,3166.10237864063,1.0,20.0,80.0,1840.0,1.0
4.0,B,-1.0,5.0,-2725.33608586838,3.0,12.0,150.0,791.0,3.0
5.0,B,-1.0,5.0,-1190.54257613726,1.0,15.0,80.0,791.0,3.0
6.0,B,1.0,0.0,1906.64678171905,0.5,16.0,80.0,867.0,1.0
7.0,C,-1.0,10.0,-2961.19409486024,0.5,16.0,120.0,906.0,3.0
8.0,C,1.0,0.0,354.723650664683,2.0,50.0,120.0,1180.0,1.0
9.0,ANCH,0.0,0.0,0.0,0.0,0.0,1000.0,0.0,0.0
